#Time, th average, th variance, simple num average, simple num variance,full num average, full num variance
1.6  0.999678  3.4071e-05  0.999767  1.67472e-05  0.987763  0.00163108
1.7  0.999886  1.08906e-05  0.999903  8.50577e-06  0.993739  0.000741981
1.8  0.999962  3.2812e-06  0.999992  4.55718e-08  0.996508  0.000383108
1.9  0.999988  9.32044e-07  0.999938  2.29307e-06  0.998342  0.000120291
2  0.999997  2.49595e-07  1  0  0.999293  4.49659e-05
2.1  0.999999  6.30014e-08  1  0  0.999797  8.04509e-06
2.2  1  1.49858e-08  1  0  0.999718  2.5042e-05
2.3  1  3.35835e-09  1  0  0.999961  5.57258e-07
2.4  1  7.08912e-10  1  0  1  0
