# histogram of simple kernel
# columns are min, max, value
0.0001 0.0010998 17.5913
0.0010998 0.0020996 2.46606
0.0020996 0.0030994 1.95209
0.0030994 0.0040992 1.68043
0.0040992 0.005099 1.48097
0.005099 0.0060988 1.34029
0.0060988 0.0070986 1.23965
0.0070986 0.0080984 1.16107
0.0080984 0.0090982 1.07682
0.0090982 0.010098 1.0152
0.010098 0.0110978 0.9795
0.0110978 0.0120976 0.946388
0.0120976 0.0130974 0.901693
0.0130974 0.0140972 0.875081
0.0140972 0.015097 0.844732
0.015097 0.0160968 0.836088
0.0160968 0.0170966 0.753159
0.0170966 0.0180964 0.781642
0.0180964 0.0190962 0.766174
0.0190962 0.020096 0.737261
0.020096 0.0210958 0.713752
0.0210958 0.0220956 0.707484
0.0220956 0.0230954 0.673167
0.0230954 0.0240952 0.6766
0.0240952 0.025095 0.655762
0.025095 0.0260948 0.646828
0.0260948 0.0270946 0.628749
0.0270946 0.0280944 0.628991
0.0280944 0.0290942 0.606679
0.0290942 0.030094 0.600624
0.030094 0.0310938 0.594776
0.0310938 0.0320936 0.575661
0.0320936 0.0330934 0.543453
0.0330934 0.0340932 0.556411
0.0340932 0.035093 0.559922
0.035093 0.0360928 0.547209
0.0360928 0.0370926 0.532114
0.0370926 0.0380924 0.529788
0.0380924 0.0390922 0.535686
0.0390922 0.040092 0.517293
0.040092 0.0410918 0.497641
0.0410918 0.0420916 0.502653
0.0420916 0.0430914 0.51783
0.0430914 0.0440912 0.493495
0.0440912 0.045091 0.510678
0.045091 0.0460908 0.517297
0.0460908 0.0470906 0.486816
0.0470906 0.0480904 0.458283
0.0480904 0.0490902 0.450697
0.0490902 0.05009 0.46645
0.05009 0.0510898 0.467433
0.0510898 0.0520896 0.452746
0.0520896 0.0530894 0.457438
0.0530894 0.0540892 0.459315
0.0540892 0.055089 0.465801
0.055089 0.0560888 0.471105
0.0560888 0.0570886 0.451044
0.0570886 0.0580884 0.425966
0.0580884 0.0590882 0.442722
0.0590882 0.060088 0.448569
0.060088 0.0610878 0.39666
0.0610878 0.0620876 0.445419
0.0620876 0.0630874 0.415449
0.0630874 0.0640872 0.42277
0.0640872 0.065087 0.396779
0.065087 0.0660868 0.426405
0.0660868 0.0670866 0.419074
0.0670866 0.0680864 0.408639
0.0680864 0.0690862 0.422901
0.0690862 0.070086 0.413909
0.070086 0.0710858 0.411487
0.0710858 0.0720856 0.40527
0.0720856 0.0730854 0.437647
0.0730854 0.0740852 0.373541
0.0740852 0.075085 0.405327
0.075085 0.0760848 0.368741
0.0760848 0.0770846 0.426921
0.0770846 0.0780844 0.410943
0.0780844 0.0790842 0.375661
0.0790842 0.080084 0.396291
0.080084 0.0810838 0.410112
0.0810838 0.0820836 0.387658
0.0820836 0.0830834 0.403111
0.0830834 0.0840832 0.38226
0.0840832 0.085083 0.37845
0.085083 0.0860828 0.417841
0.0860828 0.0870826 0.374535
0.0870826 0.0880824 0.388466
0.0880824 0.0890822 0.379711
0.0890822 0.090082 0.380457
0.090082 0.0910818 0.345984
0.0910818 0.0920816 0.410861
0.0920816 0.0930814 0.380373
0.0930814 0.0940812 0.38171
0.0940812 0.095081 0.383928
0.095081 0.0960808 0.354723
0.0960808 0.0970806 0.376712
0.0970806 0.0980804 0.383545
0.0980804 0.0990802 0.367875
0.0990802 0.10008 0.353787
0.10008 0.10108 0.396396
0.10108 0.10208 0.337674
0.10208 0.103079 0.374707
0.103079 0.104079 0.339199
0.104079 0.105079 0.356022
0.105079 0.106079 0.349983
0.106079 0.107079 0.397875
0.107079 0.108078 0.380205
0.108078 0.109078 0.334029
0.109078 0.110078 0.394942
0.110078 0.111078 0.335805
0.111078 0.112078 0.318857
0.112078 0.113077 0.328453
0.113077 0.114077 0.335907
0.114077 0.115077 0.317198
0.115077 0.116077 0.328035
0.116077 0.117077 0.345978
0.117077 0.118076 0.318512
0.118076 0.119076 0.323594
0.119076 0.120076 0.337053
0.120076 0.121076 0.3603
0.121076 0.122076 0.337869
0.122076 0.123075 0.32967
0.123075 0.124075 0.34468
0.124075 0.125075 0.328865
0.125075 0.126075 0.293985
0.126075 0.127075 0.351819
0.127075 0.128074 0.334273
0.128074 0.129074 0.362523
0.129074 0.130074 0.313713
0.130074 0.131074 0.343464
0.131074 0.132074 0.330372
0.132074 0.133073 0.336855
0.133073 0.134073 0.315447
0.134073 0.135073 0.331227
0.135073 0.136073 0.29722
0.136073 0.137073 0.31303
0.137073 0.138072 0.305733
0.138072 0.139072 0.336964
0.139072 0.140072 0.31993
0.140072 0.141072 0.316626
0.141072 0.142072 0.382381
0.142072 0.143071 0.318304
0.143071 0.144071 0.331992
0.144071 0.145071 0.308374
0.145071 0.146071 0.345338
0.146071 0.147071 0.311193
0.147071 0.14807 0.325091
0.14807 0.14907 0.348035
0.14907 0.15007 0.386169
0.15007 0.15107 0.294196
0.15107 0.15207 0.293134
0.15207 0.153069 0.302679
0.153069 0.154069 0.329165
0.154069 0.155069 0.311282
0.155069 0.156069 0.300894
0.156069 0.157069 0.307517
0.157069 0.158068 0.333052
0.158068 0.159068 0.275094
0.159068 0.160068 0.326155
0.160068 0.161068 0.297786
0.161068 0.162068 0.277092
0.162068 0.163067 0.296643
0.163067 0.164067 0.324569
0.164067 0.165067 0.280611
0.165067 0.166067 0.318643
0.166067 0.167067 0.300641
0.167067 0.168066 0.274044
0.168066 0.169066 0.31939
0.169066 0.170066 0.292543
0.170066 0.171066 0.318087
0.171066 0.172066 0.318246
0.172066 0.173065 0.302896
0.173065 0.174065 0.301194
0.174065 0.175065 0.322085
0.175065 0.176065 0.295919
0.176065 0.177065 0.311697
0.177065 0.178064 0.338261
0.178064 0.179064 0.318799
0.179064 0.180064 0.270441
0.180064 0.181064 0.315175
0.181064 0.182064 0.318736
0.182064 0.183063 0.311391
0.183063 0.184063 0.29296
0.184063 0.185063 0.338744
0.185063 0.186063 0.290607
0.186063 0.187063 0.273567
0.187063 0.188062 0.314328
0.188062 0.189062 0.306603
0.189062 0.190062 0.330925
0.190062 0.191062 0.283249
0.191062 0.192062 0.300027
0.192062 0.193061 0.313123
0.193061 0.194061 0.307029
0.194061 0.195061 0.277563
0.195061 0.196061 0.333621
0.196061 0.197061 0.319643
0.197061 0.19806 0.291708
0.19806 0.19906 0.275359
0.19906 0.20006 0.292677
0.20006 0.20106 0.304152
0.20106 0.20206 0.309694
0.20206 0.203059 0.301129
0.203059 0.204059 0.335115
0.204059 0.205059 0.267371
0.205059 0.206059 0.26663
0.206059 0.207059 0.342126
0.207059 0.208058 0.275443
0.208058 0.209058 0.307988
0.209058 0.210058 0.330378
0.210058 0.211058 0.289938
0.211058 0.212058 0.282874
0.212058 0.213057 0.260883
0.213057 0.214057 0.281292
0.214057 0.215057 0.280471
0.215057 0.216057 0.359217
0.216057 0.217057 0.326311
0.217057 0.218056 0.286572
0.218056 0.219056 0.292254
0.219056 0.220056 0.28483
0.220056 0.221056 0.327949
0.221056 0.222056 0.271953
0.222056 0.223055 0.335371
0.223055 0.224055 0.269951
0.224055 0.225055 0.271161
0.225055 0.226055 0.299383
0.226055 0.227055 0.323323
0.227055 0.228054 0.315669
0.228054 0.229054 0.278282
0.229054 0.230054 0.286375
0.230054 0.231054 0.333645
0.231054 0.232054 0.309674
0.232054 0.233053 0.317977
0.233053 0.234053 0.289044
0.234053 0.235053 0.299648
0.235053 0.236053 0.286822
0.236053 0.237053 0.288042
0.237053 0.238052 0.298746
0.238052 0.239052 0.297625
0.239052 0.240052 0.33474
0.240052 0.241052 0.276115
0.241052 0.242052 0.282087
0.242052 0.243051 0.319572
0.243051 0.244051 0.289289
0.244051 0.245051 0.312448
0.245051 0.246051 0.328434
0.246051 0.247051 0.265788
0.247051 0.24805 0.264397
0.24805 0.24905 0.282834
0.24905 0.25005 0.256573
0.25005 0.25105 0.310124
0.25105 0.25205 0.263655
0.25205 0.253049 0.267226
0.253049 0.254049 0.288534
0.254049 0.255049 0.236313
0.255049 0.256049 0.313773
0.256049 0.257049 0.243295
0.257049 0.258048 0.336801
0.258048 0.259048 0.281329
0.259048 0.260048 0.279828
0.260048 0.261048 0.23409
0.261048 0.262048 0.284599
0.262048 0.263047 0.31452
0.263047 0.264047 0.247314
0.264047 0.265047 0.327484
0.265047 0.266047 0.310167
0.266047 0.267047 0.340608
0.267047 0.268046 0.304494
0.268046 0.269046 0.281505
0.269046 0.270046 0.29601
0.270046 0.271046 0.340326
0.271046 0.272046 0.2711
0.272046 0.273045 0.282984
0.273045 0.274045 0.333182
0.274045 0.275045 0.298769
0.275045 0.276045 0.30261
0.276045 0.277045 0.262295
0.277045 0.278044 0.299268
0.278044 0.279044 0.308691
0.279044 0.280044 0.326547
0.280044 0.281044 0.310911
0.281044 0.282044 0.345753
0.282044 0.283043 0.284921
0.283043 0.284043 0.268945
0.284043 0.285043 0.34092
0.285043 0.286043 0.333567
0.286043 0.287043 0.254629
0.287043 0.288042 0.298584
0.288042 0.289042 0.296743
0.289042 0.290042 0.31801
0.290042 0.291042 0.342318
0.291042 0.292042 0.34932
0.292042 0.293041 0.327152
0.293041 0.294041 0.313617
0.294041 0.295041 0.23528
0.295041 0.296041 0.303953
0.296041 0.297041 0.2961
0.297041 0.29804 0.314926
0.29804 0.29904 0.313005
0.29904 0.30004 0.281154
0.30004 0.30104 0.3001
0.30104 0.30204 0.307122
0.30204 0.303039 0.320226
0.303039 0.304039 0.366751
0.304039 0.305039 0.24328
0.305039 0.306039 0.302049
0.306039 0.307039 0.309161
0.307039 0.308038 0.279461
0.308038 0.309038 0.289614
0.309038 0.310038 0.268917
0.310038 0.311038 0.303898
0.311038 0.312038 0.329766
0.312038 0.313037 0.271527
0.313037 0.314037 0.234825
0.314037 0.315037 0.3141
0.315037 0.316037 0.293043
0.316037 0.317037 0.233914
0.317037 0.318036 0.332955
0.318036 0.319036 0.276747
0.319036 0.320036 0.28719
0.320036 0.321036 0.342507
0.321036 0.322036 0.285779
0.322036 0.323035 0.280227
0.323035 0.324035 0.284328
0.324035 0.325035 0.262521
0.325035 0.326035 0.299092
0.326035 0.327035 0.306534
0.327035 0.328034 0.310745
0.328034 0.329034 0.292009
0.329034 0.330034 0.299481
0.330034 0.331034 0.280585
0.331034 0.332034 0.311234
0.332034 0.333033 0.295569
0.333033 0.334033 0.296459
0.334033 0.335033 0.344123
0.335033 0.336033 0.328398
0.336033 0.337033 0.366349
0.337033 0.338032 0.330358
0.338032 0.339032 0.284004
0.339032 0.340032 0.298408
0.340032 0.341032 0.336699
0.341032 0.342032 0.289935
0.342032 0.343031 0.290785
0.343031 0.344031 0.267618
0.344031 0.345031 0.264957
0.345031 0.346031 0.27608
0.346031 0.347031 0.27688
0.347031 0.34803 0.301977
0.34803 0.34903 0.302847
0.34903 0.35003 0.310699
0.35003 0.35103 0.322092
0.35103 0.35203 0.298435
0.35203 0.353029 0.3521
0.353029 0.354029 0.296604
0.354029 0.355029 0.357641
0.355029 0.356029 0.291182
0.356029 0.357029 0.306246
0.357029 0.358028 0.332103
0.358028 0.359028 0.333033
0.359028 0.360028 0.333963
0.360028 0.361028 0.338494
0.361028 0.362028 0.321379
0.362028 0.363027 0.311406
0.363027 0.364027 0.268694
0.364027 0.365027 0.320408
0.365027 0.366027 0.303033
0.366027 0.367027 0.281897
0.367027 0.368026 0.323048
0.368026 0.369026 0.301842
0.369026 0.370026 0.354336
0.370026 0.371026 0.318286
0.371026 0.372026 0.359967
0.372026 0.373025 0.286517
0.373025 0.374025 0.332059
0.374025 0.375025 0.33669
0.375025 0.376025 0.30008
0.376025 0.377025 0.297119
0.377025 0.378024 0.3771
0.378024 0.379024 0.328947
0.379024 0.380024 0.348772
0.380024 0.381024 0.357294
0.381024 0.382024 0.236282
0.382024 0.383023 0.328606
0.383023 0.384023 0.325635
0.384023 0.385023 0.380259
0.385023 0.386023 0.288825
0.386023 0.387023 0.27027
0.387023 0.388022 0.356132
0.388022 0.389022 0.291075
0.389022 0.390022 0.377427
0.390022 0.391022 0.339387
0.391022 0.392022 0.375456
0.392022 0.393021 0.321522
0.393021 0.394021 0.302687
0.394021 0.395021 0.303457
0.395021 0.396021 0.335835
0.396021 0.397021 0.328763
0.397021 0.39802 0.341506
0.39802 0.39902 0.302556
0.39902 0.40002 0.323271
0.40002 0.40102 0.272068
0.40102 0.40202 0.332913
0.40202 0.403019 0.386016
0.403019 0.404019 0.4031
0.404019 0.405019 0.347526
0.405019 0.406019 0.360539
0.406019 0.407019 0.32488
0.407019 0.408018 0.386745
0.408018 0.409018 0.375452
0.409018 0.410018 0.32728
0.410018 0.411018 0.319878
0.411018 0.412018 0.353546
0.412018 0.413017 0.342043
0.413017 0.414017 0.338742
0.414017 0.415017 0.37269
0.415017 0.416017 0.365288
0.416017 0.417017 0.299592
0.417017 0.418016 0.304483
0.418016 0.419016 0.309394
0.419016 0.420016 0.33528
0.420016 0.421016 0.344482
0.421016 0.422016 0.341091
0.422016 0.423015 0.325017
0.423015 0.424015 0.270784
0.424015 0.425015 0.313834
0.425015 0.426015 0.289068
0.426015 0.427015 0.336619
0.427015 0.428014 0.371577
0.428014 0.429014 0.321075
0.429014 0.430014 0.274624
0.430014 0.431014 0.335478
0.431014 0.432014 0.38799
0.432014 0.433013 0.319754
0.433013 0.434013 0.30317
0.434013 0.435013 0.338598
0.435013 0.436013 0.395941
0.436013 0.437013 0.34888
0.437013 0.438012 0.371535
0.438012 0.439012 0.341718
0.439012 0.440012 0.298588
0.440012 0.441012 0.294867
0.441012 0.442012 0.322003
0.442012 0.443011 0.415574
0.443011 0.444011 0.39879
0.444011 0.445011 0.288665
0.445011 0.446011 0.302668
0.446011 0.447011 0.330114
0.447011 0.44801 0.321912
0.44801 0.44901 0.340556
0.44901 0.45001 0.399699
0.45001 0.45101 0.324072
0.45101 0.45201 0.275171
0.45201 0.453009 0.348117
0.453009 0.454009 0.403259
0.454009 0.455009 0.381444
0.455009 0.456009 0.304917
0.456009 0.457009 0.36488
0.457009 0.458008 0.315399
0.458008 0.459008 0.338994
0.459008 0.460008 0.348916
0.460008 0.461008 0.409489
0.461008 0.462008 0.387324
0.462008 0.463007 0.360438
0.463007 0.464007 0.407528
0.464007 0.465007 0.306306
0.465007 0.466007 0.37208
0.466007 0.467007 0.400846
0.467007 0.468006 0.350325
0.468006 0.469006 0.32767
0.469006 0.470006 0.356516
0.470006 0.471006 0.352575
0.471006 0.472006 0.433412
0.472006 0.473005 0.429611
0.473005 0.474005 0.359556
0.474005 0.475005 0.336611
0.475005 0.476005 0.304064
0.476005 0.477005 0.323748
0.477005 0.478004 0.357825
0.478004 0.479004 0.315546
0.479004 0.480004 0.368907
0.480004 0.481004 0.331269
0.481004 0.482004 0.43299
0.482004 0.483003 0.366396
0.483003 0.484003 0.415466
0.484003 0.485003 0.406644
0.485003 0.486003 0.407484
0.486003 0.487003 0.315965
0.487003 0.488002 0.375067
0.488002 0.489002 0.322146
0.489002 0.490002 0.352152
0.490002 0.491002 0.416585
0.491002 0.492002 0.417435
0.492002 0.493001 0.428127
0.493001 0.494001 0.414204
0.494001 0.495001 0.380457
0.495001 0.496001 0.460443
0.496001 0.497001 0.436568
0.497001 0.498 0.338028
0.498 0.499 0.388518
0.499 0.5 0.354361
0.5 0.501 0.375075
0.501 0.502 0.340748
0.502 0.502999 0.361512
0.502999 0.503999 0.357201
0.503999 0.504999 0.423444
0.504999 0.505999 0.368723
0.505999 0.506999 0.35427
0.506999 0.507998 0.390467
0.507998 0.508998 0.391237
0.508998 0.509998 0.392007
0.509998 0.510998 0.45909
0.510998 0.511998 0.465101
0.511998 0.512997 0.317502
0.512997 0.513997 0.364301
0.513997 0.514997 0.416421
0.514997 0.515997 0.376023
0.515997 0.516997 0.438685
0.516997 0.517996 0.455048
0.517996 0.518996 0.36267
0.518996 0.519996 0.337415
0.519996 0.520996 0.457688
0.520996 0.521996 0.354348
0.521996 0.522995 0.407238
0.522995 0.523995 0.376632
0.523995 0.524995 0.356388
0.524995 0.525995 0.372821
0.525995 0.526995 0.415619
0.526995 0.527994 0.484932
0.527994 0.528994 0.279893
0.528994 0.529994 0.417989
0.529994 0.530994 0.413478
0.530994 0.531994 0.408947
0.531994 0.532993 0.436322
0.532993 0.533993 0.389163
0.533993 0.534993 0.368529
0.534993 0.535993 0.358517
0.535993 0.536993 0.450324
0.536993 0.537992 0.467277
0.537992 0.538992 0.419718
0.538992 0.539992 0.43128
0.539992 0.540992 0.448283
0.540992 0.541992 0.454524
0.541992 0.542991 0.411996
0.542991 0.543991 0.445342
0.543991 0.544991 0.315578
0.544991 0.545991 0.446982
0.545991 0.546991 0.333121
0.546991 0.54799 0.344673
0.54799 0.54899 0.465885
0.54899 0.54999 0.422807
0.54999 0.55099 0.341062
0.55099 0.55199 0.429858
0.55199 0.552989 0.463764
0.552989 0.553989 0.353984
0.553989 0.554989 0.437739
0.554989 0.555989 0.466284
0.555989 0.556989 0.450441
0.556989 0.557988 0.44568
0.557988 0.558988 0.346022
0.558988 0.559988 0.33546
0.559988 0.560988 0.408873
0.560988 0.561988 0.443269
0.561988 0.562987 0.370986
0.562987 0.563987 0.320967
0.563987 0.564987 0.428716
0.564987 0.565987 0.412523
0.565987 0.566987 0.45288
0.566987 0.567986 0.493377
0.567986 0.568986 0.414713
0.568986 0.569986 0.460971
0.569986 0.570986 0.404771
0.570986 0.571986 0.468302
0.571986 0.572985 0.434796
0.572985 0.573985 0.429825
0.573985 0.574985 0.436316
0.574985 0.575985 0.488835
0.575985 0.576985 0.472402
0.576985 0.577984 0.392428
0.577984 0.578984 0.583881
0.578984 0.579984 0.416952
0.579984 0.580984 0.353861
0.580984 0.581984 0.40677
0.581984 0.582983 0.40747
0.582983 0.583983 0.431494
0.583983 0.584983 0.478962
0.584983 0.585983 0.444676
0.585983 0.586983 0.41027
0.586983 0.587982 0.487293
0.587982 0.588982 0.523409
0.588982 0.589982 0.512517
0.589982 0.590982 0.342258
0.590982 0.591982 0.466969
0.591982 0.592981 0.455917
0.592981 0.593981 0.421101
0.593981 0.594981 0.409929
0.594981 0.595981 0.482031
0.595981 0.596981 0.435153
0.596981 0.59798 0.400057
0.59798 0.59898 0.406708
0.59898 0.59998 0.455316
0.59998 0.60098 0.522087
0.60098 0.60198 0.426781
0.60198 0.602979 0.42147
0.602979 0.603979 0.48248
0.603979 0.604979 0.392665
0.604979 0.605979 0.478029
0.605979 0.606979 0.490941
0.606979 0.607978 0.412828
0.607978 0.608978 0.559452
0.608978 0.609978 0.395915
0.609978 0.610978 0.469777
0.610978 0.611978 0.494991
0.611978 0.612977 0.520285
0.612977 0.613977 0.447563
0.613977 0.614977 0.478998
0.614977 0.615977 0.449023
0.615977 0.616977 0.536007
0.616977 0.617976 0.543048
0.617976 0.618976 0.506842
0.618976 0.619976 0.526235
0.619976 0.620976 0.49608
0.620976 0.621976 0.416137
0.621976 0.622975 0.566111
0.622975 0.623975 0.479787
0.623975 0.624975 0.449352
0.624975 0.625975 0.43757
0.625975 0.626975 0.488358
0.626975 0.627974 0.539306
0.627974 0.628974 0.546447
0.628974 0.629974 0.490698
0.629974 0.630974 0.491478
0.630974 0.631974 0.50488
0.631974 0.632973 0.44247
0.632973 0.633973 0.614107
0.633973 0.634973 0.481916
0.634973 0.635973 0.539835
0.635973 0.636973 0.629739
0.636973 0.637972 0.484196
0.637972 0.638972 0.51048
0.638972 0.639972 0.504889
0.639972 0.640972 0.582491
0.640972 0.641972 0.570579
0.641972 0.642971 0.500838
0.642971 0.643971 0.598083
0.643971 0.644971 0.566808
0.644971 0.645971 0.567688
0.645971 0.646971 0.555646
0.646971 0.64797 0.556506
0.64797 0.64897 0.505518
0.64897 0.64997 0.538753
0.64997 0.65097 0.630597
0.65097 0.65197 0.605523
0.65197 0.652969 0.443428
0.652969 0.653969 0.568197
0.653969 0.654969 0.510198
0.654969 0.655969 0.576488
0.655969 0.656969 0.505197
0.656969 0.657968 0.519109
0.657968 0.658968 0.625195
0.658968 0.659968 0.520689
0.659968 0.660968 0.567686
0.660968 0.661968 0.608212
0.661968 0.662967 0.542922
0.662967 0.663967 0.649838
0.663967 0.664967 0.504716
0.664967 0.665967 0.485523
0.665967 0.666967 0.552863
0.666967 0.667966 0.553693
0.667966 0.668966 0.674781
0.668966 0.669966 0.649027
0.669966 0.670966 0.649997
0.670966 0.671966 0.557013
0.671966 0.672965 0.544401
0.672965 0.673965 0.659638
0.673965 0.674965 0.593208
0.674965 0.675965 0.506325
0.675965 0.676965 0.615251
0.676965 0.677964 0.568764
0.677964 0.678964 0.528918
0.678964 0.679964 0.638354
0.679964 0.680964 0.503274
0.680964 0.681964 0.660667
0.681964 0.682963 0.593427
0.682963 0.683963 0.587466
0.683963 0.684963 0.643054
0.684963 0.685963 0.575484
0.685963 0.686963 0.638073
0.686963 0.687962 0.48097
0.687962 0.688962 0.701862
0.688962 0.689962 0.530607
0.689962 0.690962 0.531377
0.690962 0.691962 0.518325
0.691962 0.692961 0.55368
0.692961 0.693961 0.665376
0.693961 0.694961 0.666336
0.694961 0.695961 0.646443
0.695961 0.696961 0.675217
0.696961 0.69796 0.83652
0.69796 0.69896 0.760929
0.69896 0.69996 0.845911
0.69996 0.70096 0.693099
0.70096 0.70196 0.588924
0.70196 0.702959 0.674016
0.702959 0.703959 0.660914
0.703959 0.704959 0.612567
0.704959 0.705959 0.676896
0.705959 0.706959 0.63549
0.706959 0.707958 0.678816
0.707958 0.708958 0.587723
0.708958 0.709958 0.7091
0.709958 0.710958 0.667494
0.710958 0.711958 0.632879
0.711958 0.712957 0.7121
0.712957 0.713957 0.556218
0.713957 0.714957 0.671254
0.714957 0.715957 0.672194
0.715957 0.716957 0.766227
0.716957 0.717956 0.781639
0.717956 0.718956 0.660652
0.718956 0.719956 0.668763
0.719956 0.720956 0.698497
0.720956 0.721956 0.757155
0.721956 0.722955 0.844857
0.722955 0.723955 0.708638
0.723955 0.724955 0.687895
0.724955 0.725955 0.739602
0.725955 0.726955 0.646229
0.726955 0.727954 0.647119
0.727954 0.728954 0.837315
0.728954 0.729954 0.838465
0.729954 0.730954 0.744702
0.730954 0.731954 0.665301
0.731954 0.732953 0.636927
0.732953 0.733953 0.784417
0.733953 0.734953 0.792828
0.734953 0.735953 0.779206
0.735953 0.736953 0.647768
0.736953 0.737952 0.773955
0.737952 0.738952 0.893101
0.738952 0.739952 0.716927
0.739952 0.740952 0.843714
0.740952 0.741952 0.718867
0.741952 0.742951 0.860836
0.742951 0.743951 0.780255
0.743951 0.744951 0.758982
0.744951 0.745951 0.871767
0.745951 0.746951 0.753561
0.746951 0.74795 0.694803
0.74795 0.74895 0.755581
0.74895 0.74995 0.861465
0.74995 0.75095 0.802607
0.75095 0.75195 0.803677
0.75195 0.752949 0.864915
0.752949 0.753949 0.760631
0.753949 0.754949 0.859674
0.754949 0.755949 0.67959
0.755949 0.756949 0.816588
0.756949 0.757948 0.870665
0.757948 0.758948 0.811167
0.758948 0.759948 0.83501
0.759948 0.760948 0.927322
0.760948 0.761948 0.890487
0.761948 0.762947 0.891657
0.762947 0.763947 0.99203
0.763947 0.764947 0.893997
0.764947 0.765947 0.818657
0.765947 0.766947 0.949964
0.766947 0.767946 0.882165
0.767946 0.768946 0.752738
0.768946 0.769946 1.03829
0.769946 0.770946 0.785502
0.770946 0.771946 0.971586
0.771946 0.772945 0.833868
0.772945 0.773945 0.889065
0.773945 0.774945 0.859251
0.774945 0.775945 0.868112
0.775945 0.776945 0.884754
0.776945 0.777944 0.831497
0.777944 0.778944 1.12046
0.778944 0.779944 0.950502
0.779944 0.780944 0.912717
0.780944 0.781944 0.968564
0.781944 0.782943 0.813384
0.782943 0.783943 1.03369
0.783943 0.784943 0.917397
0.784943 0.785943 0.934269
0.785943 0.786943 1.20273
0.786943 0.787942 1.07833
0.787942 0.788942 0.859029
0.788942 0.789942 1.08107
0.789942 0.790942 0.7901
0.790942 0.791942 0.933498
0.791942 0.792941 1.02181
0.792941 0.793941 0.975513
0.793941 0.794941 1.08792
0.794941 0.795941 1.01773
0.795941 0.796941 1.01105
0.796941 0.79794 1.02029
0.79794 0.79894 1.08542
0.79894 0.79994 1.0628
0.79994 0.80094 0.944118
0.80094 0.80194 1.04944
0.80194 0.802939 1.11492
0.802939 0.803939 1.18056
0.803939 0.804939 1.1177
0.804939 0.805939 0.917814
0.805939 0.806939 1.03987
0.806939 0.807938 1.03309
0.807938 0.808938 1.06669
0.808938 0.809938 1.24601
0.809938 0.810938 1.22325
0.810938 0.811938 1.16798
0.811938 0.812937 1.38057
0.812937 0.813937 1.08142
0.813937 0.814937 1.23743
0.814937 0.815937 1.13299
0.815937 0.816937 1.1099
0.816937 0.817936 1.21748
0.817936 0.818936 1.3335
0.818936 0.819936 1.02388
0.819936 0.820936 1.25475
0.820936 0.821936 1.26449
0.821936 0.822935 1.20849
0.822935 0.823935 1.30873
0.823935 0.824935 1.1455
0.824935 0.825935 1.08913
0.825935 0.826935 1.33828
0.826935 0.827934 1.33163
0.827934 0.828934 1.18418
0.828934 0.829934 1.15245
0.829934 0.830934 1.35306
0.830934 0.831934 1.25496
0.831934 0.832933 1.33968
0.832933 0.833933 1.10802
0.833933 0.834933 1.35124
0.834933 0.835933 1.2443
0.835933 0.836933 1.35448
0.836933 0.837932 1.19705
0.837932 0.838932 1.58401
0.838932 0.839932 1.26704
0.839932 0.840932 1.45337
0.840932 0.841932 1.42987
0.841932 0.842931 1.38104
0.842931 0.843931 1.46699
0.843931 0.844931 1.22395
0.844931 0.845931 1.51273
0.845931 0.846931 1.61605
0.846931 0.84793 1.59255
0.84793 0.84893 1.45025
0.84893 0.84993 1.51989
0.84993 0.85093 1.51318
0.85093 0.85193 1.56602
0.85193 0.852929 1.40597
0.852929 0.853929 1.54411
0.853929 0.854929 1.6655
0.854929 0.855929 1.75296
0.855929 0.856929 1.57522
0.856929 0.857928 1.5085
0.857928 0.858928 1.33864
0.858928 0.859928 1.5292
0.859928 0.860928 1.82341
0.860928 0.861928 1.69637
0.861928 0.862927 1.9311
0.862927 0.863927 1.75209
0.863927 0.864927 1.93558
0.864927 0.865927 1.85131
0.865927 0.866927 1.81881
0.866927 0.867926 1.64749
0.867926 0.868926 1.53654
0.868926 0.869926 1.75558
0.869926 0.870926 1.79241
0.870926 0.871926 2.02095
0.871926 0.872925 1.77036
0.872925 0.873925 1.72001
0.873925 0.874925 2.04539
0.874925 0.875925 1.7852
0.875925 0.876925 1.9099
0.876925 0.877924 1.9647
0.877924 0.878924 1.86157
0.878924 0.879924 2.20654
0.879924 0.880924 2.05063
0.880924 0.881924 2.11464
0.881924 0.882923 1.78184
0.882923 0.883923 1.82802
0.883923 0.884923 1.9185
0.884923 0.885923 1.99148
0.885923 0.886923 1.976
0.886923 0.887922 2.10243
0.887922 0.888922 2.32682
0.888922 0.889922 2.1694
0.889922 0.890922 2.20745
0.890922 0.891922 2.05844
0.891922 0.892921 1.9537
0.892921 0.893921 1.83979
0.893921 0.894921 2.12796
0.894921 0.895921 2.2109
0.895921 0.896921 2.28506
0.896921 0.89792 2.43114
0.89792 0.89892 2.24525
0.89892 0.89992 2.32867
0.89992 0.90092 2.35826
0.90092 0.90192 2.3789
0.90192 0.902919 2.43567
0.902919 0.903919 2.5648
0.903919 0.904919 2.58573
0.904919 0.905919 2.46187
0.905919 0.906919 2.45553
0.906919 0.907918 2.4401
0.907918 0.908918 2.50636
0.908918 0.909918 2.50912
0.909918 0.910918 2.83041
0.910918 0.911918 2.4053
0.911918 0.912917 3.00081
0.912917 0.913917 2.78496
0.913917 0.914917 2.82457
0.914917 0.915917 2.68124
0.915917 0.916917 3.05061
0.916917 0.917916 2.90721
0.917916 0.918916 2.91956
0.918916 0.919916 3.18928
0.919916 0.920916 2.66829
0.920916 0.921916 3.07647
0.921916 0.922915 3.1167
0.922915 0.923915 3.39701
0.923915 0.924915 3.12346
0.924915 0.925915 3.25635
0.925915 0.926915 3.158
0.926915 0.927914 3.11506
0.927914 0.928914 3.49894
0.928914 0.929914 3.46554
0.929914 0.930914 3.49718
0.930914 0.931914 3.9758
0.931914 0.932913 3.80297
0.932913 0.933913 3.75106
0.933913 0.934913 3.63365
0.934913 0.935913 3.44117
0.935913 0.936913 3.98779
0.936913 0.937912 3.99205
0.937912 0.938912 4.16516
0.938912 0.939912 3.88787
0.939912 0.940912 3.60058
0.940912 0.941912 3.99968
0.941912 0.942911 4.04161
0.942911 0.943911 4.43257
0.943911 0.944911 4.59777
0.944911 0.945911 4.56483
0.945911 0.946911 4.36152
0.946911 0.94791 4.30931
0.94791 0.94891 4.73102
0.94891 0.94991 4.93532
0.94991 0.95091 4.61749
0.95091 0.95191 4.87914
0.95191 0.952909 4.95092
0.952909 0.953909 4.89893
0.953909 0.954909 5.32388
0.954909 0.955909 5.02383
0.955909 0.956909 5.25855
0.956909 0.957908 5.69475
0.957908 0.958908 5.22165
0.958908 0.959908 5.68746
0.959908 0.960908 5.38616
0.960908 0.961908 5.79543
0.961908 0.962907 5.93616
0.962907 0.963907 5.98085
0.963907 0.964907 6.40162
0.964907 0.965907 6.05118
0.965907 0.966907 6.90762
0.966907 0.967906 6.85674
0.967906 0.968906 6.44755
0.968906 0.969906 6.19255
0.969906 0.970906 6.47057
0.970906 0.971906 6.38013
0.971906 0.972905 7.34908
0.972905 0.973905 6.6852
0.973905 0.974905 6.75051
0.974905 0.975905 7.12798
0.975905 0.976905 7.25242
0.976905 0.977904 7.34779
0.977904 0.978904 7.28685
0.978904 0.979904 7.02994
0.979904 0.980904 7.20374
0.980904 0.981904 7.82918
0.981904 0.982903 7.60145
0.982903 0.983903 7.43224
0.983903 0.984903 6.73124
0.984903 0.985903 7.22078
0.985903 0.986903 6.60687
0.986903 0.987902 6.8406
0.987902 0.988902 6.56098
0.988902 0.989902 6.10275
0.989902 0.990902 5.46535
0.990902 0.991902 4.45004
0.991902 0.992901 3.95848
0.992901 0.993901 3.30702
0.993901 0.994901 2.57472
0.994901 0.995901 1.76133
0.995901 0.996901 0.866607
0.996901 0.9979 0.418782
0.9979 0.9989 0.069867
0.9989 0.9999 0.009991
